(1) 10 3 181 8
(2) 90 83 96 63 10
(3) 38 19
(4) 173 102 5
(5) 4
(6) 15 15 104 182 23 12
(7) 104 51
(8) 182 129 12 176 173 18 173 126
(9) 154 47 15
(10) 158
(11) 126 156 121 20 3 26 104 11
(12) 85 11 10
(13) 61 119 157 14 71
(14) 1 12
(15) 72 39 122
(16) 12 84 10
(17) 20 128 34
(18) 43 118 3 10
(19) 9
(20) 7 46 90
(21) 8 120 104
(22) 14 108 13 2 173
(23) 43 11 47 20
(24) 9 42 6
(25) 10 174 102
(26) 17 158 34 56 166 102
(27) 152 137 18
(28) 173 11
(29) 96 50
(30) 3 176 39 181 175
(31) 131 78 157
(32) 1 29 158 20 13 153 58
(33) 65 14
(34) 63 30 102 105
(35) 3
(36) 6 159
(37) 173 85 46 119 11
(38) 113 169 17
(39) 3 173 103
(40) 45 86
(41) 162 9 7
(42) 17 169 162
(43) 135 134 29 13
(44) 12 74 6 31
(45) 7 123 93 144
(46) 143 46 88
(47) 123 116
(48) 174 78 13
(49) 34 47 159 10 5
(50) 177 179 173 17 93
(51) 62 9
(52) 3 4 158
(53) 17 9 83 125
(54) 64 141
(55) 5 74
(56) 169 113 174
(57) 173 168 51 173
(58) 130 36 85
(59) 127 74 92
(60) 143 20 79
(61) 176 1 173 123
(62) 35 54
(63) 87 36
(64) 13 16 10
(65) 176 3 126
(66) 12 176 81 149 121
(67) 26
(68) 159 8 133
(69) 185 20 7 2
(70) 176 170 18
(71) 90 79 126 54 178
(72) 169 94 20
(73) 183 81 9
(74) 61
(75) 56
(76) 132 151 57 106
(77) 173
(78) 19 47
(79) 7 13
(80) 15 12 173 174 46
(81) 162 43
(82) 8
(83) 174 141 93
(84) 126 21
(85) 42 51 127
(86) 103 3
(87) 79 182 140
(88) 64 13
(89) 5 20 22
(90) 141 104 103 17
(91) 169 14 166
(92) 6
(93) 18 5 71
(94) 14 8
(95) 104 4 126 11
(96) 146 78
(97) 174 143 119
(98) 8 55 150
(99) 90 81 136 55 1 42 104
(100) 30 111 5 89 107
(101) 122 78 3 12
(102) 15 84
(103) 20 47
(104) 136 64 91 20
(105) 13 46 123
(106) 142 43
(107) 126 89 18 19 130 117 104
(108) 32 11 104
(109) 12
(110) 40 122 57 34 18
(111) 94 126 178
(112) 126 102 41
(113) 150 3 104 52 40 34
(114) 34 18 12 145
(115) 47 151
(116) 135 83
(117) 104 181 50 31
(118) 176 165 176 84
(119) 173 48 18
(120) 88 177 84
(121) 174 174 34 15 21
(122) 125 12
(123) 185 74 19 6
(124) 125 34 12 68
(125) 21 178
(126) 125 169 175 13 33 161 117
(127) 126 47 173
(128) 7 141 17
(129) 90 89
(130) 122 18 4 88
(131) 13 16 32 153
(132) 13 35 100
(133) 121 103 13 53
(134) 90 141 32
(135) 42 30 126 174 178
(136) 1 52
(137) 5 78 17
(138) 170 137 114 185
(139) 151 78 104
(140) 142 20 141
(141) 56 14 108
(142) 89 12 90
(143) 87 18 142 34
(144) 9 15 145
(145) 142 80 93 7
(146) 7 131 184 13
(147) 79 15
(148) 36 141
(149) 15
(150) 163 7
(151) 122 17 1
(152) 126
(153) 159 173 84
(154) 141 1 103
(155) 123
(156) 34 18 44 64
(157) 15 2 115
(158) 126
(159) 173
(160) 137 55 7 40
(161) 41 151
(162) 34 151
(163) 169
(164) 3 34 17 97
(165) 159 24
(166) 167 12 176 101
(167) 56 54 1 30
(168) 6 49
(169) 173 6 13 19
(170) 19 89
(171) 10
(172) 50 123
(173) 2 163
(174) 20 34
(175) 56 174 166 19 140
(176) 173 92 141 90
(177) 9 15
(178) 143 14 180 133 44
(179) 127 78 90
(180) 171 108
(181) 83 141
(182) 34 18 7 111
(183) 23 110 1
(184) 159 117
(185) 12 170 56 87
(186) 171 6 60
(187) 126 82 6
(188) 80 162 6
(189) 19 17 47 7
(190) 174 104
(191) 180 34 104 173 123
(192) 45 15 14 127 8
(193) 93 18
(194) 127 146 65
(195) 90 129 36 172 115 176
(196) 51 91 78 165
(197) 2
(198) 6 147 6
(199) 43 20
(200) 10 33 152 178
(201) 42 15 6 169 141 154 68 176
(202) 10 6 59 32
(203) 31 123 183
(204) 141 113 103 132
(205) 4 49 110 102 5
(206) 12
(207) 156 31 17
(208) 136 12 173
(209) 53 1 8
(210) 173
(211) 164 80
(212) 45 53
(213) 178
(214) 49 170 89 79
(215) 150 7
(216) 176 12 171
(217) 15 13 66
(218) 151 10 104
(219) 168 3
(220) 72
(221) 139 17 2
(222) 132 90 17 17 16
(223) 7 29
(224) 10 81 184
(225) 107 130 78 181 123
(226) 57 34 126
(227) 97 18 119
(228) 138 56 84
(229) 87 118
(230) 34 104 47 1
(231) 133
(232) 45 76 155 15
(233) 12 171 47 12
(234) 147 159 156
(235) 176 143
(236) 24 113 69
(237) 6 12
(238) 88 47 174 13 169
(239) 43
(240) 3 1 153 102
(241) 34 81 179 118
(242) 25 134 7 81 4
(243) 121 108
(244) 50 47 174
(245) 3 173
(246) 25 29 16
(247) 155 52
(248) 18 129 180 14 6
(249) 23 145
(250) 12 12 17
(251) 173 45 5
(252) 16 173
(253) 2 102 86 1 16
(254) 21 127
(255) 129 94 168
(256) 166 135 18
(257) 15 4
(258) 121 169
(259) 90
(260) 121 162
(261) 104 78 118
(262) 32
(263) 111 123
(264) 14 179
(265) 88
(266) 7 162 5
(267) 181 2
(268) 176 6 19
(269) 126 18
(270) 185 68 177 51 5 183
(271) 44 183 123 95 154
(272) 97 119 102 43
(273) 18 18 13 2
(274) 124 141 24
(275) 89 9 11 179
(276) 94 141
(277) 14 15 54 149
(278) 3 3 102
(279) 160 15 175
(280) 104 34
(281) 78 149 183 136
(282) 125
(283) 126 104 63
(284) 101 59 12
(285) 14
(286) 160 18 87
(287) 2 56 106 44 170
(288) 34 153 8
(289) 21 17 9 145 169 8
(290) 102 174 90 70
(291) 7 12
(292) 162 102 141 12 93
(293) 102
(294) 97 102 19 73 124
(295) 15 51 9 34 35
(296) 90
(297) 29 4 20 147 13 78
(298) 104 169 45 3
(299) 19 59 158
(300) 4 47 70
(301) 74 4
(302) 149 51 167
(303) 150 122 58
(304) 102 157
(305) 11 126 34 154 94
(306) 10 9 5 109 16
(307) 20
(308) 13 6
(309) 30 2
(310) 174 18
(311) 48 102 66 129 37
(312) 67 56 162 86
(313) 18 16 10 84
(314) 162 2 147
(315) 2 19 116 7
(316) 19 126
(317) 69 11 171 94 14 23 167 56
(318) 154 64 4 18 15
(319) 13 162 34 8
(320) 114 169 159
(321) 173 3 82 19
(322) 97 1
(323) 53 164 91
(324) 31 77 119
(325) 183 130 19 10 82
(326) 117 95
(327) 58 32 22
(328) 15 87 39 16
(329) 19 104 30 7 60
(330) 145 159
(331) 9 126 47
(332) 171 1 169
(333) 11
(334) 20 123 114
(335) 89 12
(336) 148 47 103 141
(337) 72 10 174
(338) 78 34 45 14 123
(339) 182 10 80 92
(340) 90 47 96 34
(341) 135 15 146 139
(342) 11 136 54 110
(343) 116 78 90 34
(344) 184 172 79 47 18 145 174
(345) 63 129 142
(346) 9 64 6 117 90
(347) 7 9
(348) 77 89 13 51 34 111 16 16
(349) 86 19 37 62 4
(350) 37 160 126
(351) 104 12
(352) 6 141 124
(353) 78 3
(354) 90 157 8 30 136
(355) 149 78 78
(356) 55 143 63
(357) 123 177 15 152
(358) 15 7
(359) 12 164 18 78
(360) 17 13 124
(361) 94 51
(362) 59 173 4
(363) 14 18 5 154
(364) 111 11
(365) 9 40 25 173
(366) 157 169 78 56 104 44
(367) 128 104 23 66 140
(368) 118 78 97 19
(369) 33 14
(370) 17
(371) 174 65 34 141 172
(372) 95 170 77 162
(373) 178 86
(374) 123 59
(375) 136 179 78 126
(376) 139 21 82
(377) 126
(378) 176 3 8 20
(379) 154 148 19
(380) 50 115 3 47
(381) 26 18 146 14
(382) 8 7 61
(383) 66 18
(384) 9 174 10 143
(385) 105 90 14 30
(386) 140 17
(387) 162 152 133 28 67
(388) 11 173 176 107
(389) 146 28 17 89
(390) 123 20 126 89 173
(391) 47 47
(392) 64 10 121
(393) 7 174 20
(394) 78 22
(395) 140 11 136
(396) 11 131 182 49
(397) 91 129 92 13
(398) 110 1 66
(399) 21 46 33
(400) 14 83 76
(401) 96 183 90 99
(402) 19 18 17 66 150
(403) 172 92 18
(404) 173 2
(405) 162 1
(406) 5 5 35 119
(407) 174 144
(408) 131 34
(409) 119 14
(410) 139 148 28
(411) 162 184
(412) 130 122
(413) 12 13 132 38
(414) 184 67 7
(415) 121 57 104
(416) 93 4 25 162
(417) 78 140 137
(418) 34 141 78 59
(419) 169 7
(420) 109 129 89 162 34
(421) 5 61
(422) 6 12
(423) 70 47
(424) 148 12 176
(425) 96 12 104 19
(426) 17 89 47 2 108 4
(427) 5 54 9
(428) 11 126 112 173
(429) 3 122 47 9 47
(430) 130 24
(431) 35 144 1 124
(432) 162 12
(433) 14 21 123
(434) 15 146 113 125 8 104
(435) 29
(436) 16
(437) 19 134 141 5
(438) 119 173
(439) 48 138
(440) 20 8
(441) 8
(442) 48 164
(443) 139 162
(444) 153 90 143
(445) 47 60 1
(446) 42 168 15
(447) 41 16 4 76
(448) 33 129 102 16 162
(449) 170 4
(450) 141 102 76
(451) 157 89
(452) 39 117 18
(453) 20 11
(454) 175 14 89
(455) 8 81
(456) 126 17 176 107
(457) 17 130 46 8 90
(458) 94 10
(459) 11
(460) 19 9 123
(461) 153
(462) 56 94 1 97 31
(463) 174 144 162 1
(464) 173 7
(465) 131
(466) 173 89 8 90
(467) 34 76 53
(468) 94 13
(469) 19 124
(470) 89 159 7
(471) 181 34 3 176 20
(472) 56 87
(473) 112 104 123 104 138
(474) 16 13
(475) 44 21 15
(476) 100 171
(477) 104 58 141
(478) 115 43
(479) 137 50
(480) 44 102 107
(481) 14 18 136
(482) 73 162 162
(483) 102 50 25
(484) 90 163
(485) 141 16 1 126 3 21
(486) 113 1
(487) 130 2
(488) 122
(489) 90 135
(490) 6 172 6 126
(491) 168 12
(492) 78 74
(493) 73 52 79
(494) 3 64 4
(495) 103 35 141
(496) 13 11 3 126 18
(497) 89
(498) 10 19
(499) 155
(500) 157 15
(501) 145 141 61
(502) 94 34 17 34
(503) 111 43 6 97 109 121 12 10
(504) 89 12 108 5
(505) 73
(506) 166
(507) 137 132
(508) 61 103
(509) 91 81 40
(510) 170 160 109
(511) 12 143 106 172
(512) 119 14 24
(513) 179 176 163 141
(514) 155 104 35 27
(515) 178 117 5
(516) 13 13 20
(517) 26 73
(518) 147 2 169 4 9 118
(519) 19
(520) 83 7 3
(521) 16 117 56
(522) 42 16
(523) 12 85 21
(524) 75 47 6
(525) 129 9 11 102
(526) 56 2
(527) 123
(528) 175 116 163
(529) 78 37 15
(530) 15 88 18 82
(531) 10 47
(532) 182 27 91
(533) 89 117 112 123
(534) 119 28
(535) 40
(536) 150 110 77 145
(537) 169 79
(538) 12 33
(539) 154 19
(540) 7 102
(541) 89 35 21 73
(542) 43 128 127 177 18
(543) 137 3 123 162
(544) 11 9 130
(545) 18 34
(546) 104 167 77
(547) 47 146 3
(548) 80 102 51 90
(549) 173 121 146
(550) 13 177 8
(551) 36 49 93 37
(552) 146 52 107
(553) 87 161 79
(554) 62
(555) 178
(556) 89 8 78 55
(557) 87 75 152 120
(558) 72 176 20
(559) 21 58 102 51
(560) 34
(561) 31 90 12
(562) 70 16 138 78
(563) 34 1 116 9
(564) 101 89 4 39
(565) 4 50 16 15
(566) 143 74 108
(567) 123 66 79
(568) 81 50
(569) 35 181 26 112
(570) 102 11
(571) 22 78 101
(572) 109 23
(573) 69 72 61 105
(574) 145 137 169 103 54 175
(575) 7 119 76
(576) 146 92 29
(577) 183 112 170
(578) 104 132 176
(579) 36 83
(580) 12 5 98
(581) 4 16 162 174
(582) 20 118 113
(583) 123 46 9
(584) 175 154
(585) 6
(586) 9 121
(587) 15 123 62
(588) 9 53 12 158
(589) 14 141 174 12
(590) 3 126 11
(591) 20 179 14
(592) 179 84 66 64 7 15 90 23
(593) 20 148 162 17
(594) 14 9 22 90 10 62 91 173
(595) 14
(596) 8 56 29 13
(597) 169 20 15 118
(598) 3 146 12
(599) 138 123 15 177
(600) 10 109
(601) 9 12 39
(602) 110 176 40 12
(603) 169 34 17
(604) 93 13 3 34
(605) 65 6
(606) 9 73 15
(607) 56
(608) 177 157 49
(609) 153 97 6
(610) 18 30
(611) 20 31
(612) 94 13 8 9
(613) 104 48 93
(614) 174 126
(615) 68
(616) 65 65 105
(617) 15 110 55 29
(618) 173 133
(619) 2 8
(620) 27
(621) 128
(622) 4 120
(623) 126 47 173 32
(624) 166 136
(625) 22 163 141 20 18
(626) 173 3
(627) 59 18 2 14
(628) 11 141
(629) 14 117 10
(630) 99 10
(631) 18 34 56
(632) 135 136 123 34
(633) 90 90 5
(634) 8 141 25 15 3 11 18 7
(635) 17 105 153
(636) 122 61
(637) 100 176 165 48 46 1
(638) 15 100 18 91
(639) 11 169 112
(640) 126 80 16
(641) 90 36 157 29 13
(642) 9 176 3
(643) 106 49
(644) 11 11 15 185
(645) 47 75 12
(646) 176 142 78 141
(647) 36 176
(648) 114 89
(649) 17 52 12 62
(650) 167 89
(651) 40 16 69
(652) 6 4
(653) 173 27 56
(654) 169 129
(655) 12 90 113
(656) 47 169 47
(657) 4 12 122 16
(658) 173 134
(659) 90
(660) 175 165
(661) 174 144 146 9
(662) 34 164
(663) 64 171 77 173 39 12
(664) 123 19 8 12
(665) 28 2
(666) 1 2
(667) 26 101
(668) 185 76
(669) 170
(670) 35 8 170 130
(671) 174 118 129 7
(672) 2 135 147
(673) 70 117 20
(674) 56 1 16
(675) 184 116 98 20
(676) 143
(677) 78 141
(678) 8 19 107 11
(679) 3 50
(680) 162 117 104 141 95 83
(681) 83 129
(682) 4 75 7 12 2
(683) 124 2 136
(684) 52 2 146
(685) 175 8 141 47 12
(686) 10 156
(687) 13 52 74
(688) 3 142 141
(689) 8 141 12 81 47 48
(690) 43
(691) 141 102
(692) 105 8 116 108 41
(693) 174 119
(694) 78 183
(695) 15 10 3 6
(696) 3
(697) 67 81 14
(698) 95 102
(699) 87 44 20
(700) 78
(701) 95 56
(702) 89 8 54
(703) 18 126 167
(704) 6 154
(705) 75
(706) 104 91
(707) 178 133 4
(708) 11 169 36 1
(709) 25 157 79
(710) 73 137 74 48 140
(711) 7 60 34 159
(712) 22 105 173
(713) 126 41 80 19
(714) 47 141 20 6
(715) 3 43 95
(716) 9 161 7
(717) 19 128
(718) 51 7 9 134
(719) 102 141 34
(720) 19 90 11 16 33
(721) 78 34 171 102 117
(722) 176 123 144 7 13 163
(723) 47 51 8
(724) 116 147 2 40
(725) 16 123
(726) 86
(727) 52
(728) 125 119
(729) 43 2
(730) 12 160
(731) 8
(732) 6 60 14
(733) 4 18 30
(734) 176 104 141 126 16
(735) 53 141 35
(736) 160 167
(737) 178 34 5 182 159
(738) 87 39 12 118
(739) 62 123 5 1 3
(740) 90 143 102 44 3 173
(741) 174 123 176 134 17
(742) 131 6 141
(743) 162 141
(744) 115 107 50 41 4 79
(745) 22 176
(746) 130 16 7
(747) 141 90 12
(748) 137 103
(749) 5 12
(750) 77 129 165 162
(751) 11 5 25 90
(752) 173 172 174
(753) 16 14
(754) 62
(755) 86 11
(756) 39 178 37 9
(757) 165 28
(758) 65 8 76 19
(759) 12 9 17 5
(760) 173 3
(761) 22 57
(762) 54
(763) 34 26 6 6
(764) 15 18 172 16
(765) 140 6
(766) 182 178 167 16 169 14 57
(767) 169 2
(768) 17 4 26
(769) 99
(770) 6 147
(771) 90 1 5
(772) 102 115 14
(773) 3 105 71 128 1 60
(774) 178 17 162
(775) 18 70 12
(776) 151 20 142
(777) 170 12 176 162 65
(778) 104
(779) 162 8
(780) 132 14 164
(781) 181 169 105 179 34
(782) 43 2 174 63
(783) 141 75
(784) 22 19 169
(785) 185 5 136 14
(786) 110 93 17
(787) 110 7
(788) 35 13 173 165
(789) 68 79 41 176
(790) 98 15
(791) 18 56
(792) 133 61 19
(793) 161 56
(794) 173 36 127 44 63
(795) 176 55 156
(796) 15 55 89
(797) 26
(798) 126 2
(799) 138 93
(800) 6 10
(801) 56 173 91
(802) 34 176 10 18 72
(803) 109 14
(804) 171 26 4
(805) 89 6 104
(806) 35 5 166 156
(807) 169 148 47 50
(808) 82 120
(809) 176 18 132
(810) 125
(811) 119
(812) 178 47
(813) 181 89 105
(814) 86 82 181
(815) 77 17 141 12 1 34 9
(816) 126 39
(817) 169 137
(818) 81 53 159
(819) 182 83 20
(820) 169 17 6 91 7
(821) 11 161 120 156
(822) 13 54 90 185
(823) 89 150 183 104
(824) 126
(825) 5 2 17
(826) 141 14 76
(827) 90 117 71 93
(828) 106 116 178
(829) 31 124 137 123
(830) 17 4
(831) 178 2 174 141 27
(832) 53 7 15 78
(833) 78
(834) 81 158 88 2
(835) 173 99 97 105 166
(836) 68 6 11
(837) 90 176
(838) 54 14 169 20 69
(839) 90 133
(840) 35
(841) 149 5
(842) 102 160 152
(843) 123 101 78 88
(844) 183
(845) 39 80 166 2 173
(846) 128 55
(847) 172
(848) 123 17
(849) 184 18 6
(850) 90 9 180
(851) 47 37 4
(852) 9 97 12
(853) 95 157
(854) 169 17
(855) 75 6
(856) 54 163 7 13
(857) 8 15 84
(858) 6 67 18
(859) 113
(860) 34 20
(861) 10 40
(862) 34 58
(863) 90 174 66
(864) 158 7 9 19
(865) 91 14 78 157
(866) 172 83
(867) 9 12 7 82
(868) 104 140
(869) 9 167 93
(870) 67 100
(871) 55 25 103 150 9 139
(872) 19 104
(873) 121 65 18 169
(874) 185 3
(875) 18 9
(876) 47 104 122
(877) 86 90 124 16 18 118 37 104
(878) 64 150 60 86 104
(879) 163 10 144
(880) 66 170
(881) 19 2 140 139
(882) 89
(883) 12 7
(884) 9 12 176 14 175 174
(885) 16 12 12 25
(886) 14 115 1 20
(887) 104 38 126
(888) 61 111 173 30
(889) 87
(890) 178 30 169
(891) 22 8 51 6
(892) 128 158 20 147 90
(893) 184
(894) 80 139 18
(895) 54 47
(896) 179 13
(897) 7 120 19 12 153
(898) 3 6 157 7 14
(899) 40 12
(900) 18 10 25
(901) 51 30
(902) 1 185
(903) 13
(904) 1 185 109
(905) 12 103 67
(906) 3 79
(907) 184 166
(908) 29 131 19 158
(909) 148 151
(910) 3 126 12 16 5
(911) 90 94 88
(912) 9 17
(913) 90 169 20 61
(914) 90 38
(915) 13 10 47 13
(916) 175 158 124 184 166
(917) 12 13 127 2
(918) 101 37
(919) 14
(920) 14 33
(921) 102 158 12 3 90
(922) 132 20 13 180 31 105
(923) 163 174 141 75
(924) 104 63 12 1
(925) 141 6 12
(926) 7 90
(927) 10 111 126
(928) 61 173 5
(929) 146 90 92 101
(930) 129
(931) 174 12 1
(932) 13
(933) 17 155 169 175 176
(934) 81 126 151 110
(935) 178
(936) 40 161 7
(937) 18 12 164
(938) 169 130 181
(939) 12
(940) 100 102 72 172
(941) 8 1 41 135 19
(942) 43 120 110 174 157
(943) 141 123 41
(944) 111 173 88
(945) 136 79
(946) 53 17 34 184 3
(947) 17 56
(948) 167 141 89
(949) 162 34
(950) 126
(951) 173 20 16
(952) 104 89 89 36 78 89
(953) 10 122 147 7
(954) 8 159 127 175 16
(955) 173 85
(956) 139 117 10
(957) 15 153
(958) 180 79 146 11 14
(959) 145 178 19
(960) 136 104 173 3
(961) 172 12 66 141
(962) 106 34 65 104 11
(963) 90 172 25 10
(964) 123 8 154 79 160
(965) 170 117 11
(966) 33 171 123
(967) 102 12 4
(968) 85 7
(969) 182 15
(970) 10
(971) 4 126
(972) 174 142 60
(973) 176 35 3 12 184
(974) 77 107 123
(975) 6 14 3
(976) 38 19 78 123 16 26
(977) 72 157 80 77 24 48
(978) 123 11 40
(979) 167 169 97
(980) 103 34
(981) 129 2 87 36
(982) 116 115 14
(983) 51 47
(984) 16 17 10
(985) 13 30
(986) 1 50 183
(987) 89 136
(988) 61 133 52 110
(989) 103 34 2
(990) 90 56 162 169
(991) 164
(992) 86 34
(993) 99 2
(994) 14 162 141 175
(995) 113 170 16 65
(996) 45 111 71
(997) 90 8
(998) 122 18
(999) 123 9 92 15
(1000) 159
(1001) 14 3 27
(1002) 9 93 3
(1003) 167 162
(1004) 174 102
(1005) 28 1 168 15
(1006) 98 182
(1007) 134 47
(1008) 137 12 94 129 51
(1009) 150 156
(1010) 37
(1011) 123 4 33 132 39
(1012) 135 47
(1013) 90
(1014) 81 34 29 83
(1015) 78 86 176
(1016) 14 10 13 10 6
(1017) 104
(1018) 163 178 101
(1019) 8 151 106
(1020) 24 6 176
(1021) 7 109 18 69 106
(1022) 123 11 36 43
(1023) 47 43
(1024) 10 12
(1025) 174
(1026) 102 46 90
(1027) 47 45 181 160
(1028) 183 1
(1029) 47 12 16 38
(1030) 3 100 183 2
(1031) 90 18 8
(1032) 53 46 20 174
(1033) 47 59 144
(1034) 34 17 21 173 59 34
(1035) 51 123
(1036) 18 30
(1037) 16 9 90 142
(1038) 1 160 10 135
(1039) 90 158 20 19 59
(1040) 58 173 5 102 95
(1041) 126 173 37 29 48
(1042) 24
(1043) 2 169 173 54 172
(1044) 19 66 17
(1045) 1 156
(1046) 43 126
(1047) 114
(1048) 118 34 123
(1049) 103 101 49
(1050) 176 164 141 88 123
(1051) 158 182 178
(1052) 176 2 8
(1053) 7 11 14 18 137 104 89
(1054) 19 149
(1055) 99 20 60
(1056) 141 163 3 18 94
(1057) 39
(1058) 132 120 86 144
(1059) 143 176
(1060) 123 128 3 95
(1061) 18 2 34
(1062) 14 104
(1063) 6 123 78
(1064) 51 6 125 17 98 74
(1065) 56 35 46
(1066) 16 2 3 9 5
(1067) 19
(1068) 76 20
(1069) 45 72 5
(1070) 17 104
(1071) 14 9
(1072) 166
(1073) 15 20
(1074) 49
(1075) 184 12
(1076) 11 104 165
(1077) 12 173
(1078) 89 9
(1079) 104 174 169
(1080) 162
(1081) 44 140 34
(1082) 16 47
(1083) 96 3 4
(1084) 5 13 169 47 102
(1085) 5 137 55
(1086) 24
(1087) 51
(1088) 58 2 128
(1089) 17 74 24 157 88
(1090) 39 104 26
(1091) 123 7
(1092) 174 5 174 79
(1093) 122
(1094) 106 7 102 8
(1095) 14 124
(1096) 45 6 79
(1097) 91 172
(1098) 26 28 141
(1099) 89 47 18
(1100) 47 37 126
(1101) 174 126 130 90
(1102) 16 15 126
(1103) 23 5
(1104) 170 77
(1105) 89
(1106) 183 8 114 42
(1107) 19 20 161 36
(1108) 12
(1109) 70 176
(1110) 13 16 16 81
(1111) 6 29 103
(1112) 10 123 34 12 141
(1113) 162 81 171
(1114) 78 4
(1115) 34 6 16 123 1
(1116) 167 99 14
(1117) 18 2 108 74 139 93 10
(1118) 13 90 61
(1119) 18 114 72
(1120) 162 130 34 97 21
(1121) 36 28 4 74 147 11
(1122) 2 120
(1123) 73 11 31
(1124) 152 100 102 10
(1125) 47 121 145
(1126) 130 124
(1127) 8 104 15 7 176
(1128) 71 89
(1129) 56 44
(1130) 6 103 86
(1131) 6 115 17
(1132) 9 8 77 169 90
(1133) 90 101
(1134) 4 40 38 100 34 17 122
(1135) 12 152 83 5
(1136) 2 64 142
(1137) 167 87 141
(1138) 67 14 95
(1139) 176 21 10
(1140) 1 138 152
(1141) 10
(1142) 174 143 12 19
(1143) 169 126 162 5
(1144) 56 7 75 92
(1145) 89 109 109
(1146) 90 92 13
(1147) 131 107 146
(1148) 102
(1149) 166 2 58 54
(1150) 10 71 115
(1151) 123 20
(1152) 160 113
(1153) 134 131 141
(1154) 89
(1155) 5 82 179 3
(1156) 10 90 160
(1157) 56 161 105 34
(1158) 6 2 124
(1159) 162 19 102 8 129
(1160) 169 174 165 12 47
(1161) 90 16 104
(1162) 100 145 6 2 126
(1163) 174 151 166 71 23
(1164) 162
(1165) 80 181 174
(1166) 42 1 9
(1167) 109
(1168) 98 135 3
(1169) 139 123 2
(1170) 64 104 15 6
(1171) 92 10
(1172) 12 17 90 3
(1173) 39 169
(1174) 162 109 1
(1175) 176 9 77 159
(1176) 17
(1177) 78 34 169 18 81
(1178) 11 104 34 12 87
(1179) 116 23 18 100
(1180) 4 16 40 12 58 18
(1181) 88 110 179
(1182) 5 75 119
(1183) 156 112 11 41
(1184) 98 90 112 126 134
(1185) 117 3 126
(1186) 171 16 174 17
(1187) 155
(1188) 54 12 167
(1189) 5 157 49 41 171
(1190) 41 12
(1191) 56 123 126 12
(1192) 27 1
(1193) 13 103 5 44
(1194) 111
(1195) 90 12 176 47 102 123
(1196) 18 124 74
(1197) 182 14 87
(1198) 124 49 87 176
(1199) 3 12 90
(1200) 3 162 131 102 16
(1201) 18 6
(1202) 170 170 146 47
(1203) 47 7 90 91
(1204) 17 14
(1205) 148
(1206) 160 16 53 4
(1207) 47 113
(1208) 129 7
(1209) 85 34 17 114 19
(1210) 78 12 139 119
(1211) 100 3
(1212) 15 173 6
(1213) 144 102 105 31
(1214) 16 95 88
(1215) 177 13 99
(1216) 152 141
(1217) 64 1 159 44 10
(1218) 153 37
(1219) 52 185
(1220) 5 78 184 185 72
(1221) 12 15
(1222) 149 13 136
(1223) 180
(1224) 146 20 10
(1225) 80 148 15 8 144
(1226) 109
(1227) 166 182 163 9
(1228) 138 116 150 12
(1229) 91 114
(1230) 3 12 148 26 20
(1231) 176 150 116 78
(1232) 174 4 6
(1233) 84 18 63
(1234) 37 92
(1235) 117 12 12
(1236) 123 74 54 16
(1237) 78 85 5
(1238) 109
(1239) 138 141
(1240) 184 65
(1241) 136 104 78 12
(1242) 22 173
(1243) 63 47 1 7
(1244) 78 110 15
(1245) 46
(1246) 5 1 104
(1247) 129 162 125
(1248) 63 157 89 21 35 1 90 43
(1249) 31 15 89
(1250) 4 12
(1251) 15
(1252) 107 27 126
(1253) 60 102 177
(1254) 21 34 119 86
(1255) 4 165 159 4 149
(1256) 174 92
(1257) 172 12 7 82
(1258) 50 141 78
(1259) 126 58 22
(1260) 141 17 7 126 59
(1261) 16 161 52 20 174
(1262) 152 4 3 169
(1263) 6 138
(1264) 173 16 95 12 102
(1265) 4 1
(1266) 154 90 6 174 173
(1267) 11 109
(1268) 7 153 14
(1269) 8
(1270) 129 113
(1271) 126 14
(1272) 56 75 169 88 147 12
(1273) 1 43
(1274) 13 19 139 77
(1275) 148 13 161 11
(1276) 47 99 121
(1277) 102 141 119 64
(1278) 18 16
(1279) 56 157 150
(1280) 89 83 105 30 6
(1281) 114 21 110 12 34 125 92
(1282) 54 54 62
(1283) 30 17 48
(1284) 165 14 116 161 173 157 173
(1285) 141 83 76 11 154 106
(1286) 72 3 4
(1287) 168 123 32
(1288) 4 79 132 141
(1289) 71 32 101 162
(1290) 123 121
(1291) 10 146 16 5 181 149
(1292) 162
(1293) 146 11 102
(1294) 113 181 12
(1295) 8 15
(1296) 127 43 127 149
(1297) 5 125
(1298) 25 10 4
(1299) 67 47
(1300) 11 81 67
(1301) 14 174 8
(1302) 37 71 58 12 57 2
(1303) 143 126 64 118
(1304) 11
(1305) 47 102
(1306) 116 13
(1307) 76 89 176 169
(1308) 17 151
(1309) 5 131 122
(1310) 19 128
(1311) 20 153 141 104
(1312) 137 63
(1313) 34 14
(1314) 123 181 174
(1315) 19
(1316) 2 20 17
(1317) 185
(1318) 54 8
(1319) 122 10 3
(1320) 102 94
(1321) 12 2 176
(1322) 176 12 118
(1323) 173 14 123
(1324) 8 92 3 129
(1325) 64 157 17
(1326) 12 102 5
(1327) 56
(1328) 69 133 102
(1329) 55 11 31
(1330) 18 59
(1331) 90
(1332) 16 78 83
(1333) 70 19 79 142
(1334) 6 129 11 102
(1335) 24 75 162
(1336) 106 105 9 151
(1337) 154 6
(1338) 102
(1339) 12 8 118
(1340) 93 127 24
(1341) 56 104
(1342) 99 102 38
(1343) 177 46 110
(1344) 96 169 130 1 173 18
(1345) 9 56 80 130
(1346) 164 3
(1347) 56 30 35 121 176
(1348) 56
(1349) 7 48 14
(1350) 15 123 126 20
(1351) 8 17 126 173 173
(1352) 157
(1353) 16 164 60
(1354) 19 24 8
(1355) 169 32
(1356) 130 3 135 166 52 152 47 173
(1357) 107
(1358) 24 173 126 76 8 42 19
(1359) 165 47 15
(1360) 90 16 185
(1361) 28
(1362) 83 154
(1363) 156 70 9
(1364) 82 71 177 179 141 60
(1365) 19 5
(1366) 28 176 118
(1367) 166 7 47 78
(1368) 74 80
(1369) 105 36 123
(1370) 16 102 159
(1371) 20 9
(1372) 126 171
(1373) 2 3 9 16
(1374) 18 48 2 64
(1375) 114 12 102
(1376) 13 8 102
(1377) 4 54
(1378) 13 12 116 90 177
(1379) 17 93
(1380) 34 178 90 1
(1381) 145 165 136
(1382) 125 108
(1383) 63 148 173
(1384) 143 11
(1385) 38 20 103
(1386) 90 89 27 7 119
(1387) 178 109 138 16 35
(1388) 137
(1389) 18 4
(1390) 18 150
(1391) 47 117 3 185
(1392) 102
(1393) 174 171
(1394) 43 69 45
(1395) 176 157 24
(1396) 17 20 171
(1397) 43 110 17 173 65
(1398) 4 94
(1399) 14
(1400) 24 110
(1401) 173 47 169 161 85
(1402) 104
(1403) 20 182 5
(1404) 46
(1405) 6 37
(1406) 9 47 13
(1407) 66 162 141 3
(1408) 15 15 121
(1409) 33 154 18
(1410) 23 129 131
(1411) 6 135 31 19 174 162 56
(1412) 152 127 130 16
(1413) 5 162 28 3 173
(1414) 18 96
(1415) 144
(1416) 171 141 169 126
(1417) 3 15 123 102
(1418) 9 59 104 90 119
(1419) 35 18 50
(1420) 20 85 55
(1421) 15 18 1 174 89 149 106
(1422) 168 34
(1423) 34 7 119
(1424) 3 32
(1425) 93 164
(1426) 181
(1427) 98 91 148 48 122 5
(1428) 169 35 137
(1429) 176 3
(1430) 117 61
(1431) 1 146
(1432) 171 115 78 135
(1433) 126 3 45
(1434) 49 19 33 53
(1435) 51
(1436) 17 17 14 127 104 174
(1437) 125 169 5
(1438) 4 6
(1439) 47 67 163
(1440) 133
(1441) 39 39 9
(1442) 122 141 156 59
(1443) 38 104 102
(1444) 173 63
(1445) 169 45 113
(1446) 78 33 183 78
(1447) 82 39 96 25 3 22 153 174
(1448) 75 56 19
(1449) 169 19
(1450) 169 141 136
(1451) 123 84 128 86 19
(1452) 5 118 19
(1453) 102 57 142 12 77 72
(1454) 123 183 87
(1455) 18 121
(1456) 152 169 141
(1457) 104 18 74
(1458) 150 154
(1459) 108 161
(1460) 169 126 115
(1461) 6 18 15 5
(1462) 32
(1463) 145 73 36 125
(1464) 12
(1465) 174
(1466) 87 8 152 164
(1467) 3 102
(1468) 11 12
(1469) 9 112 111 10
(1470) 89 169 1
(1471) 173 155 155
(1472) 93 149
(1473) 141
(1474) 47 4 95 84
(1475) 2 60
(1476) 176 45 158 152 15
(1477) 161
(1478) 7 165 15 11 84
(1479) 174 15 8
(1480) 2 10 25 4 141
(1481) 173 22
(1482) 7 163 96 16 10 38 181
(1483) 1 103
(1484) 9
(1485) 100 31
(1486) 19 78 104 86 66 22 16
(1487) 154 148 109
(1488) 102 37
(1489) 47 72 144
(1490) 8 13 1
(1491) 102 85 45
(1492) 28 54 67 11 90
(1493) 15 30 4 93 3
(1494) 141
(1495) 18 5
(1496) 183 71
(1497) 56 12 102
(1498) 87
(1499) 14 108
(1500) 31 173 6 4
(1501) 39
(1502) 34 35 54 102
(1503) 16 136 86 4
(1504) 86 134 176 90
(1505) 50 18 3
(1506) 20 2
(1507) 15 74 19 102 93 67 132 131
(1508) 143 139
(1509) 81 78
(1510) 155 84 47 90
(1511) 159 92
(1512) 14 16
(1513) 103 57 24
(1514) 180 11 8 165 8 68 174 19
(1515) 11 20 138
(1516) 136 83 68 126 104
(1517) 126 12 47 118 60
(1518) 15 174
(1519) 116 13
(1520) 18 46 77 90
(1521) 115 104 70
(1522) 174 94
(1523) 147
(1524) 99 60 1 12 60
(1525) 141 142 185 66 12
(1526) 31 146 6 162 1
(1527) 140 169 113 9
(1528) 57 19 11 41
(1529) 1 176 78
(1530) 149 66 169
(1531) 10
(1532) 14 121
(1533) 9 102 48 16
(1534) 19 5
(1535) 92 11 45 153 162
(1536) 71 126 47
(1537) 20 57
(1538) 149 150
(1539) 132 12
(1540) 141 169 56 120 179
(1541) 15 15 34 16
(1542) 137 8
(1543) 113 27 34
(1544) 12 80 159 63
(1545) 2 94
(1546) 59 102 141
(1547) 9 174 3
(1548) 144 34 112
(1549) 140 162 174
(1550) 174 143 17
(1551) 15 113 102
(1552) 41 8 16 47
(1553) 149
(1554) 141
(1555) 178 51 47 7 20
(1556) 115 39
(1557) 169 106 176
(1558) 15 20 13
(1559) 176 1 81
(1560) 165 19 21 10 89
(1561) 70 13 162 12 145
(1562) 88 109 101
(1563) 100 62
(1564) 7
(1565) 39 64 3 73 78
(1566) 111 16 13 12
(1567) 126 29 23
(1568) 73 134
(1569) 2 23
(1570) 147 89 16
(1571) 68
(1572) 59 169 145
(1573) 34 158 1
(1574) 56 176
(1575) 11 77 18 141
(1576) 61 117 82
(1577) 83 173 92 79 132 41
(1578) 168 11 1 112 176
(1579) 117
(1580) 159 69 31 12
(1581) 52 38
(1582) 176 64
(1583) 89 120
(1584) 147 11 169 7
(1585) 2 128
(1586) 45
(1587) 47 125 19
(1588) 78 25
(1589) 57 92 139
(1590) 132 3
(1591) 8 78 180
(1592) 6 16 9 12
(1593) 40 78 88 126 69 72
(1594) 184 2
(1595) 18 34
(1596) 6
(1597) 176 89
(1598) 14 1 126 104 60
(1599) 73 12 89 142 92
(1600) 2 50
(1601) 121 133 18
(1602) 154 56 74
(1603) 13 80
(1604) 162 77 85
(1605) 15 164 100
(1606) 50 175
(1607) 141 34 14
(1608) 10 120 78 169
(1609) 174 5
(1610) 160 17 8 2 115
(1611) 49 81 18
(1612) 47 4 42
(1613) 120 17 40 33 174 173
(1614) 92 147 139 100
(1615) 59 141 183 102
(1616) 18 1 12
(1617) 4 122 134
(1618) 56 27 17 20
(1619) 64 169
(1620) 174
(1621) 135 54 126 79 182 177
(1622) 172 176 42 69
(1623) 16
(1624) 104 151 56
(1625) 71 173
(1626) 47 31 18
(1627) 165 12 70
(1628) 156 34 126
(1629) 44 123
(1630) 141 3
(1631) 24 128
(1632) 18 1 4 106 23
(1633) 156 173 126
(1634) 83 141
(1635) 169 173 13
(1636) 170 145 176
(1637) 104 30 158 1
(1638) 5 104
(1639) 141 158 135
(1640) 14 6 100 157
(1641) 18
(1642) 185 54 70 12
(1643) 148 71 30 8
(1644) 69 15 115
(1645) 52 7 56 7 58
(1646) 104 27 174 44 106 122 11 8
(1647) 92 40 19
(1648) 121
(1649) 151 169 1 123
(1650) 163 47
(1651) 11 172
(1652) 130 31
(1653) 141 8 141 176 85 173
(1654) 3 56 7
(1655) 4
(1656) 156 7
(1657) 86 159 18
(1658) 169 6 160 5
(1659) 138 2 19 11
(1660) 104 159
(1661) 149 34 175
(1662) 9 31 159 13
(1663) 17 136 123 20
(1664) 8
(1665) 42 162 124 119
(1666) 107 98
(1667) 100 18 72 49
(1668) 39
(1669) 125 6 173 36 131
(1670) 164 28
(1671) 113
(1672) 143 148
(1673) 90
(1674) 165 81
(1675) 6 56 90 73
(1676) 83 55 170 104 103
(1677) 176 5 78
(1678) 15 10 7
(1679) 180 180 91
(1680) 158 133 126
(1681) 9 41 176 34 105 19 6 126
(1682) 116 63 118 160 89
(1683) 97
(1684) 77
(1685) 1 16 35 122
(1686) 15 162 8 34 39 56
(1687) 41
(1688) 185 1 8
(1689) 4 101 55 1 20
(1690) 73 14
(1691) 72 10 71 82 9
(1692) 42 6
(1693) 118 106
(1694) 176
(1695) 18 14 19
(1696) 80 156 41
(1697) 123 3 2
(1698) 47 162 4
(1699) 74 31
(1700) 104 5 126 162
(1701) 39 94 97
(1702) 58 154 20
(1703) 13 165 50 106
(1704) 65 141
(1705) 64 102 2
(1706) 17
(1707) 47 20 173
(1708) 70 19
(1709) 38 173
(1710) 77 79 89 6 29
(1711) 15
(1712) 157 16
(1713) 20 171 56 67
(1714) 146 134 49
(1715) 20 105 13 3 56
(1716) 151 157 98
(1717) 169 174
(1718) 56 103 2 49
(1719) 130
(1720) 115 39 12
(1721) 59 78 26 17 39
(1722) 33 52 34
(1723) 8 10 73 145
(1724) 11 169
(1725) 112 174 74 49
(1726) 98 6 2 89 167
(1727) 31 10
(1728) 6 113
(1729) 6 134
(1730) 167
(1731) 179 123 169 36
(1732) 18 18 38 34 56
(1733) 123 174 88
(1734) 169 15 133 130
(1735) 124 4
(1736) 114 18 25 169 101 174
(1737) 142 123
(1738) 17 116
(1739) 89 185 50 12 2
(1740) 40 99 48 1
(1741) 68 16 162 19 19
(1742) 19 6 22 90 23
(1743) 184 86 154
(1744) 9 141 6
(1745) 127 148 35 24
(1746) 129 169 111 12 104
(1747) 182 126
(1748) 4
(1749) 20 144
(1750) 78 14 103
(1751) 13 161 3 12
(1752) 138
(1753) 88 145 1 127
(1754) 104 52 4
(1755) 90 51 12 103 169
(1756) 174
(1757) 163 162 133
(1758) 4 89 114 30 176
(1759) 71 34
(1760) 124 135 3
(1761) 34
(1762) 1 153 89 61
(1763) 19 9 166 7 171
(1764) 15 89 1
(1765) 162 69 104 169 78
(1766) 96 133 3 165 123
(1767) 108 80 141 169 7
(1768) 169 130 49
(1769) 141 149 143 126
(1770) 1 9 17
(1771) 56 2 61 13
(1772) 17 154
(1773) 129 61 119
(1774) 113 68 157 119
(1775) 126 162
(1776) 74 104 103 12
(1777) 50 49
(1778) 127 3
(1779) 9 78
(1780) 57 78 9 123
(1781) 5 12 117
(1782) 173 147 47 170
(1783) 90 2 13 13
(1784) 19 95
(1785) 104 41 47 5 48
(1786) 1
(1787) 10
(1788) 1 87 52 39
(1789) 85 174
(1790) 180 56 77
(1791) 144
(1792) 12 76
(1793) 78 92 162
(1794) 1 32 111 184 12
(1795) 3 141 70 17 34
(1796) 13 117 102
(1797) 97 119 46
(1798) 125 26 104 7 113
(1799) 137 12 106
(1800) 5 9
(1801) 18 89 27 185
(1802) 63 17 12
(1803) 169 119
(1804) 2 90 17
(1805) 4 162 170
(1806) 182 89
(1807) 119 2
(1808) 176 16
(1809) 170 177 94 11
(1810) 89 18 11 62 34
(1811) 181 36 26
(1812) 5
(1813) 83 61 13 14 126 63 1 179
(1814) 123 109
(1815) 56 16 120
(1816) 20 20 172 123
(1817) 12 17 162 91
(1818) 99 167 173
(1819) 1 6 126
(1820) 166 168 46
(1821) 160 165 150
(1822) 126 89 18
(1823) 165 174 90
(1824) 47 21 169
(1825) 13 102 15
(1826) 116
(1827) 12 147 174
(1828) 1 10
(1829) 22 134
(1830) 56 110 162
(1831) 10 115 149 71
(1832) 5 12
(1833) 47 148 112
(1834) 3 139 4 89 181
(1835) 137 101
(1836) 157 123 138 152
(1837) 4 55
(1838) 90 6 110
(1839) 93 7 67 5
(1840) 131
(1841) 10 124 181 20
(1842) 159
(1843) 54 129 71
(1844) 179 127
(1845) 67 143 102 100 11
(1846) 7 2 118
(1847) 81
(1848) 157 173
(1849) 145 151
(1850) 9 122
(1851) 52 142 113 72
(1852) 89 17 6
(1853) 80 103 14 4
(1854) 13 18 126
(1855) 25
(1856) 73 93 34 4
(1857) 4 87 7 128 13
(1858) 174 2 80
(1859) 20 6 16
(1860) 82 27 107
(1861) 176 79 162
(1862) 60 12 12
(1863) 78 119 34
(1864) 51 47
(1865) 178 130 27 49 123 127
(1866) 169
(1867) 14 6 56
(1868) 47 15 56 29
(1869) 104 27 89
(1870) 141 165 9 39
(1871) 26 101 81 12
(1872) 66 11 87
(1873) 176 41 17 78
(1874) 176 32 179 114 72
(1875) 7 142
(1876) 107 135 20 30 84
(1877) 41 39 90 15
(1878) 130 123 2 75 16 147
(1879) 77 78 102 151
(1880) 46 1 90 56 126 86 90
(1881) 158 132 2 9 59 148
(1882) 13 3
(1883) 42
(1884) 140 144
(1885) 20 46
(1886) 72
(1887) 139 1
(1888) 4 19
(1889) 162 47 28
(1890) 185
(1891) 179 18
(1892) 85 7 14 80
(1893) 104 30 18 1
(1894) 16 11 173 4 23 34 18 115
(1895) 135
(1896) 114 89 126 56
(1897) 12 8 12 126
(1898) 78 23 60
(1899) 56 3
(1900) 98 62
(1901) 145 16 89
(1902) 4 78 161 14
(1903) 57 90 176 17
(1904) 5 87 164
(1905) 126 167 13
(1906) 174 3 12
(1907) 20 175 162 126 38
(1908) 174
(1909) 184 23
(1910) 16 63 95
(1911) 112 6
(1912) 143 60 48 4 12
(1913) 17 2 20
(1914) 156 1 7
(1915) 126 13
(1916) 17 104 144 19
(1917) 140 9 79
(1918) 12 61 173 90
(1919) 31 32 5 36 89 1
(1920) 103 125 173 4
(1921) 151 19
(1922) 72 139 47 17
(1923) 16 16 83
(1924) 19 114 140
(1925) 110 169 29
(1926) 20 184 123 7 77 19 16
(1927) 49 86 47 145
(1928) 12 176 168 2
(1929) 88 168 72 159 12
(1930) 50 96
(1931) 11 16 14 137
(1932) 182 16 121 54 130 66 115 102
(1933) 93 102 53 102
(1934) 67 102 56 93
(1935) 132 27 5 103
(1936) 24 22 20 11 171
(1937) 32 22 17 91
(1938) 175 15
(1939) 104 127 67 124 179
(1940) 13 90 168 5 5
(1941) 141 92 158 1 107
(1942) 11 9
(1943) 175 89
(1944) 56 98 4
(1945) 46 12 159 59 10
(1946) 17 2 3
(1947) 3 185 84
(1948) 96 150 168
(1949) 138
(1950) 79 10 14 137 63
(1951) 87 110 90 173
(1952) 153 141 39
(1953) 15 132 49
(1954) 5
(1955) 29
(1956) 174 2 123
(1957) 10 51 5 34 20
(1958) 129 40 126
(1959) 91 174 41 12
(1960) 105 23 3
(1961) 1 10 112
(1962) 15 34
(1963) 63 164 47
(1964) 13 126 43 92 13 123
(1965) 81 51
(1966) 71
(1967) 115 85 105
(1968) 47 39 182 13
(1969) 16
(1970) 128 18
(1971) 141 1 108 18
(1972) 123 6 5 20
(1973) 15 47 53
(1974) 3 90 160
(1975) 47 131
(1976) 100 20 12 131
(1977) 167 183 20 104 96 10 7
(1978) 5 58 158 107
(1979) 47 90 74 168
(1980) 176 169 5
(1981) 19 85 123
(1982) 176 12 150
(1983) 176 54 111
(1984) 90 56 118
(1985) 185 14 54
(1986) 174 47 98 90 174
(1987) 17 74 89 156 90 8
(1988) 104 115 176 129 104
(1989) 41 90 132
(1990) 5 169
(1991) 17 160 137
(1992) 175 12
(1993) 51 13 30
(1994) 18 72
(1995) 181 96 102 26
(1996) 18 89
(1997) 156 14
(1998) 165 11 144
(1999) 89 2
(2000) 26 82 90
(2001) 173 10 19
(2002) 18 163 34
(2003) 4 18
(2004) 183 112
(2005) 19 17 12 79 177
(2006) 174 6
(2007) 141 36 183 155 157 149
(2008) 178 7 1 12
(2009) 8 1 1
(2010) 40 136 2
(2011) 89 167 182
(2012) 149 169 169 148
(2013) 104 74 128 13 92 9
(2014) 78 56 8 62
(2015) 9 174 2
(2016) 167 153
(2017) 50 34
(2018) 5 121 68 48 56
(2019) 34 179
(2020) 15 10
(2021) 6 60 29
(2022) 159 20
(2023) 14 11 37 141
(2024) 89 2 127
(2025) 100 19 20
(2026) 11 64
(2027) 57 146 62 65
(2028) 69 23 24
(2029) 126 169
(2030) 17 13
(2031) 25 176
(2032) 7 149 18
(2033) 159 7
(2034) 141 71 115
(2035) 73 54 29
(2036) 1
(2037) 162 16 101
(2038) 160 17 98 138
(2039) 56 123
(2040) 163 97 175 16 29 143
(2041) 164 11 9
(2042) 185 89 33
(2043) 4 15 17 84
(2044) 11 59
(2045) 42 10 2 156 2
(2046) 12 110
(2047) 90
(2048) 10 123 41 6
(2049) 79 160 134
(2050) 123
(2051) 137 145 18
(2052) 148 92 130 34 138
(2053) 3 91 90
(2054) 176 143 70 155
(2055) 125 50 17
(2056) 56 159
(2057) 162 100
(2058) 5 138 128
(2059) 38 123
(2060) 141 123 7 105
(2061) 12 12 105 97
(2062) 16 11 9 178 47 25 157
(2063) 44 114 95 164
(2064) 56 3 3 68 88 47
(2065) 3 102 162
(2066) 1 146 38 82 34
(2067) 12
(2068) 47 90 81
(2069) 125 4 90 63
(2070) 49 13 145
(2071) 167 118 128
(2072) 109 56
(2073) 18
(2074) 134 112 168
(2075) 47 18 74
(2076) 11 145
(2077) 162 129
(2078) 10 12
(2079) 97 65 14
(2080) 11 10 169
(2081) 56 52 174 8
(2082) 7 6 94 101
(2083) 85 12 15
(2084) 170 155 26
(2085) 47 173 90 8
(2086) 6 72
(2087) 134 159
(2088) 173 20
(2089) 49 1 16 8
(2090) 19 26 73
(2091) 11 2
(2092) 8 34
(2093) 117 102 43 10
(2094) 76 7 60 21
(2095) 78 71 159
(2096) 14
(2097) 12 144 105
(2098) 4 89
(2099) 34 162 111 35
(2100) 51
(2101) 138 103 89 47 34
(2102) 173 179 138 55
(2103) 174 64
(2104) 163 2 78 24 111 126
(2105) 3 18 78 3 18 13
(2106) 155
(2107) 181 107 14 109
(2108) 41 84 145 10
(2109) 162 104 173 89
(2110) 126 177 7
(2111) 18
(2112) 2
(2113) 23 14 47
(2114) 123 4
(2115) 33
(2116) 56 89 162
(2117) 47 172
(2118) 8
(2119) 16 12 18 2
(2120) 5 61 12 78
(2121) 17 90 67
(2122) 33 154 34 177 102
(2123) 86 6 48
(2124) 9 75 164 184
(2125) 150 134 15
(2126) 7 176 157 55
(2127) 141 18 39 185 116
(2128) 172 8 9 174
(2129) 2 13 162
(2130) 153 13
(2131) 18
(2132) 43 69 20 107
(2133) 100 58
(2134) 162 174 59
(2135) 9 26 34 169
(2136) 177 173 52
(2137) 174 27 18
(2138) 169 169
(2139) 8 20 5
(2140) 2 13
(2141) 18 7 83 162 69 120
(2142) 3
(2143) 80 10
(2144) 6 114 163
(2145) 148 8 146
(2146) 169 147 162
(2147) 7 20 81
(2148) 106 107
(2149) 4 19
(2150) 160 104 72 7 105
(2151) 92 92 50
(2152) 76 10
(2153) 34 90 15 163
(2154) 2
(2155) 13 21 40
(2156) 3 99
(2157) 161 119 1 12
(2158) 95 47 52
(2159) 17 9 118
(2160) 6 162 110
(2161) 15 36
(2162) 102 15 112 13 64
(2163) 15 14
(2164) 34
(2165) 17 174
(2166) 38
(2167) 147 23 16
(2168) 61 129
(2169) 80
(2170) 13
(2171) 1 9
(2172) 135 65 127 50
(2173) 97 12 66
(2174) 108
(2175) 13 174
(2176) 102 31 76 123
(2177) 90 47 5
(2178) 115
(2179) 4 90
(2180) 39 95 124 43
(2181) 172 2 47 162
(2182) 5 13 9
(2183) 78 62 173
(2184) 49
(2185) 173 12 141
(2186) 114 9 139
(2187) 80
(2188) 26 2 3 74
(2189) 34
(2190) 7 33
(2191) 102
(2192) 19 10
(2193) 47 16 37 144
(2194) 22 12 180
(2195) 1 176 75 47
(2196) 9 115 106 4 1 34 3
(2197) 14 132 53
(2198) 23 178 9
(2199) 85 104 20 9
(2200) 173 35
(2201) 134 80 104 151 11
(2202) 45 107 125 132 7 12 9
(2203) 33 142 1
(2204) 25 61
(2205) 162 6 34
(2206) 150 173 1
(2207) 13 83
(2208) 138 9 1 146
(2209) 135 26 179 116
(2210) 174 169 176
(2211) 89 90
(2212) 7 19 17 84 178
(2213) 90 9 175 15 29
(2214) 105 122
(2215) 118 6
(2216) 174 95
(2217) 128 1 13
(2218) 2 174 110 34
(2219) 83 176 52
(2220) 104 8 26 45 180 163
(2221) 13 120 12
(2222) 106 1
(2223) 123 161 158 30
(2224) 7 26
(2225) 1 111 1
(2226) 181 34 3 2 61
(2227) 10 10 103
(2228) 143 174 44 5
(2229) 55 12 10
(2230) 53 5 123
(2231) 143 141 154 38 101
(2232) 175 34 70 128 53
(2233) 90 143
(2234) 91
(2235) 110 160 107
(2236) 96 125 106 124 164
(2237) 7 170
(2238) 3 108 147 47 9
(2239) 15 172
(2240) 34 141 1 109
(2241) 176 14 40
(2242) 14 26 7
(2243) 98 56
(2244) 83 156
(2245) 15 65
(2246) 14 8 6
(2247) 169 144
(2248) 169 156 2 1
(2249) 141 52
(2250) 89 1
(2251) 15 126 90 127
(2252) 40 19 8
(2253) 2 99 78
(2254) 1 87 74 7
(2255) 97 55
(2256) 6 50 121 148 167
(2257) 34 156 114
(2258) 173
(2259) 102 1 123
(2260) 2 13 73
(2261) 141 13
(2262) 182
(2263) 90 8 64 86
(2264) 169 90 91 66 86
(2265) 75 13
(2266) 121 91 14
(2267) 84 78 13 78 166
(2268) 14 151
(2269) 35 15
(2270) 109 128
(2271) 104 33
(2272) 173 20
(2273) 18 56 16
(2274) 4 91
(2275) 29 8
(2276) 56 106 167 95 10
(2277) 13 141 5
(2278) 89 47 155 22
(2279) 38 111 141 104
(2280) 179 126 123 47 83
(2281) 19 23
(2282) 60 20 105
(2283) 180 6
(2284) 47 64 90
(2285) 102 7 163
(2286) 78
(2287) 8 123
(2288) 89 129 94 18 49
(2289) 173 41 90
(2290) 11 117
(2291) 78 47 150 57 167
(2292) 19 158 100 174
(2293) 89 169
(2294) 84 63 56 84
(2295) 176 17 115 15
(2296) 12 42 61 48
(2297) 48 176 107 38 3
(2298) 19 183 20 13
(2299) 6 10 152 5
(2300) 76
(2301) 102 7 14 123
(2302) 173
(2303) 3
(2304) 13 136 37
(2305) 151
(2306) 2 31
(2307) 19 17 8 148
(2308) 16 167 79 8
(2309) 68 112 2 2 138
(2310) 123 29 138
(2311) 47 75
(2312) 32 1 141 2
(2313) 9 181 90 123 5
(2314) 10 145 58 54
(2315) 7 128 101 3 172 96
(2316) 167 13 59
(2317) 148 155 171 145
(2318) 102 174 5
(2319) 18 144 86
(2320) 18 102
(2321) 146 81 4 126
(2322) 105
(2323) 98 67
(2324) 8 76
(2325) 104 19 78
(2326) 17 4 32
(2327) 123 135 20 137 28 44
(2328) 115 17 102 169
(2329) 174 123 151 131
(2330) 61 2 20 41 89 123 69
(2331) 141 102
(2332) 180 165 170 46
(2333) 56 155
(2334) 123 124
(2335) 20 173 47 59 56
(2336) 129 31 162 125 88
(2337) 94 55
(2338) 174 39 14 17 9
(2339) 12 17
(2340) 77 62
(2341) 2 9 15 1 137 169
(2342) 125 109
(2343) 9 39 89 4 126
(2344) 57 180
(2345) 92 130 148
(2346) 132 16 123 10 148
(2347) 184 163
(2348) 41 2 102
(2349) 61 34
(2350) 90 182 161
(2351) 130 78 34 5
(2352) 7 36 23
(2353) 166 63 5
(2354) 183 16 169 6 86
(2355) 34 47 8
(2356) 104 117
(2357) 56 94 167
(2358) 90 90 38 90
(2359) 12 38 10 140
(2360) 90 44 79
(2361) 18 169 49 165 89
(2362) 102 15
(2363) 12 47 47 112
(2364) 42
(2365) 14 34 95
(2366) 165 156 4 14
(2367) 3 12 15 7 128 85
(2368) 77 56 19
(2369) 146 180 12 30
(2370) 154 173
(2371) 47 48 14 162
(2372) 14 80 80
(2373) 58 1
(2374) 78 6 104 162
(2375) 12 118
(2376) 16 115 57 2 3
(2377) 119
(2378) 173
(2379) 150 4 95
(2380) 53 13 15
(2381) 110 113
(2382) 17 88 107 39
(2383) 89 16 27
(2384) 34 35 74 18 56
(2385) 17 5 17 43 123 19
(2386) 130 173 28 162
(2387) 17
(2388) 95 19 102 53 61
(2389) 152 99 7
(2390) 7 30 26 22 26 19 12 153
(2391) 7 79
(2392) 9 4 12 174 2
(2393) 12 10 20 7 148
(2394) 126
(2395) 84 60 121 165 90
(2396) 3 173
(2397) 20 100 110
(2398) 8 6 90 2
(2399) 2 174
(2400) 18
(2401) 169 35
(2402) 54 2
(2403) 174 81 155 162
(2404) 7 83 18 115
(2405) 111 173 119 162 1 17 3
(2406) 97 19 41
(2407) 104 104 173
(2408) 19 42 134 162 106
(2409) 46 55
(2410) 126 39 132 56 55
(2411) 169 169
(2412) 100 126
(2413) 52 158 126 20
(2414) 14 137
(2415) 74 173
(2416) 69 7 47
(2417) 67 29 12
(2418) 11 19 68 26
(2419) 97 3
(2420) 122 77
(2421) 169 127 153
(2422) 118 63 126 174
(2423) 125 145 53 103
(2424) 173 176 68 90
(2425) 173 94 34
(2426) 13
(2427) 149 47
(2428) 12 115
(2429) 19 48 164
(2430) 7 119 64 4 88
(2431) 162 110 12 83
(2432) 3 105 91 42
(2433) 13 56 49
(2434) 50 16 16 3
(2435) 176 173 3
(2436) 47 47
(2437) 89 72 10 34
(2438) 171 21 160 110 160
(2439) 143 20 169
(2440) 92 23 126 123
(2441) 90 50 18 162
(2442) 87 69 16 104
(2443) 2 176 57 12
(2444) 14
(2445) 56 5 13
(2446) 73 47 18 12 26
(2447) 79 12 149
(2448) 34 148 73
(2449) 175 18 16 107
(2450) 76 80 169
(2451) 174 6 177 90 127
(2452) 77 134
(2453) 3 149 79 146 12
(2454) 7
(2455) 18 124
(2456) 89 104 10 55 75
(2457) 69 132
(2458) 93 95 18
(2459) 1
(2460) 159 15 123
(2461) 12 121 128 23 117
(2462) 12
(2463) 53 5 123 116 116
(2464) 142 135 141
(2465) 16 13 136 69
(2466) 47
(2467) 58 47 176 33
(2468) 9 19
(2469) 118 65
(2470) 154 19 100 5
(2471) 92
(2472) 78 50 26
(2473) 62 179 20
(2474) 34 141 2 152
(2475) 135 147 14 185 8
(2476) 8 72 19 162 78
(2477) 141
(2478) 126 47 139 169 11 185
(2479) 2
(2480) 6 89
(2481) 3 8
(2482) 159 39 96 20
(2483) 20 123 34 90
(2484) 89 125
(2485) 8
(2486) 21 103 151
(2487) 12 183 170 90 156
(2488) 116
(2489) 100 105 56
(2490) 12 16 102
(2491) 21 110 28 156 75
(2492) 162 162 67 116
(2493) 95 55 111
(2494) 173 72 87 12
(2495) 45
(2496) 16 23 78 66
(2497) 165 89 123 114 20 20
(2498) 137 22
(2499) 45 139 136
(2500) 2 25 131 13 103 5
(2501) 84 47
(2502) 136 41
(2503) 177 77 72
(2504) 138 112 25
(2505) 6 176 34
(2506) 3 20
(2507) 79 89 181 20
(2508) 12 5
(2509) 155 177 44
(2510) 34 25 169 44 174
(2511) 46 8
(2512) 91 11
(2513) 124 78 161
(2514) 129 1 114 2 59
(2515) 6 25
(2516) 47
(2517) 65 48 95 182 12 80
(2518) 71 90 7 10
(2519) 116 70 19 171
(2520) 125 90 56
(2521) 52 143
(2522) 176 9 127 160 4
(2523) 102 12 78 61 2
(2524) 89 78 54
(2525) 123 104 174
(2526) 119 162
(2527) 174
(2528) 106 127 21
(2529) 81 113
(2530) 162
(2531) 38 81 167
(2532) 145 22 73
(2533) 7 69 152 96
(2534) 114 120 66
(2535) 34 17 13 91 21
(2536) 42
(2537) 19 163 160
(2538) 171 10 119
(2539) 174
(2540) 169 12
(2541) 20 169 23 145 89 16 1 155
(2542) 173 123
(2543) 145 122
(2544) 20 63 91 123
(2545) 162 159
(2546) 61 62 11
(2547) 80
(2548) 23 58 153
(2549) 7 108 123
(2550) 156 5
(2551) 81 20 16 47
(2552) 94 54 89
(2553) 155 108 78
(2554) 90 71 9 9 169 1
(2555) 102 166
(2556) 60 103 32
(2557) 83 48
(2558) 111 90 141
(2559) 102 51 7
(2560) 24
(2561) 19
(2562) 61 16 92
(2563) 15 23 2 56
(2564) 15 55
(2565) 76 171 106
(2566) 83 34 182 15
(2567) 184 13 172
(2568) 7 60 126
(2569) 181 46 108 49 171 42 56
(2570) 87 55 134
(2571) 4 15 16
(2572) 71 18 45
(2573) 139 34 102
(2574) 57 76 6
(2575) 98 12 174 178
(2576) 102 184 13 16
(2577) 117 90 78 37 148
(2578) 69 10 165
(2579) 56 12
(2580) 147 117 48 27
(2581) 169 7 89 130 10
(2582) 89 42
(2583) 30 44 23
(2584) 59 2 14
(2585) 31 155 113 83
(2586) 76 114
(2587) 49 52
(2588) 65 82 139 94
(2589) 8 89 10
(2590) 183 30 11 2
(2591) 84 62 23 6 36
(2592) 34 18 18 138
(2593) 6
(2594) 8 150
(2595) 164 126 32 54 11
(2596) 90 18 103
(2597) 17 12
(2598) 180 123 102 9
(2599) 104 176 17 1
(2600) 123 104 126
(2601) 156 45 146
(2602) 12 13 91 5
(2603) 175 162
(2604) 104 80 79 104
(2605) 176 13
(2606) 8
(2607) 34 72 11
(2608) 167 51 86 89 43
(2609) 8 38 3 6 163
(2610) 175 142 147
(2611) 1 158 140 173
(2612) 145 85 169
(2613) 97 88
(2614) 34 33 34
(2615) 149 146 9
(2616) 88 170
(2617) 16
(2618) 98 107
(2619) 104 35
(2620) 4 76 141
(2621) 10 156
(2622) 9 16 104
(2623) 174 8
(2624) 155 130 170 47
(2625) 12 11 13
(2626) 123 7
(2627) 3 161 12 75 10
(2628) 8 76
(2629) 64 70 144
(2630) 33 11 117
(2631) 43 169
(2632) 90 85 19
(2633) 74 160 83
(2634) 73
(2635) 12 115 6
(2636) 16 133 137
(2637) 62 2 80 49 96
(2638) 2 15 141 19 4
(2639) 104 77 1
(2640) 4 20 78 15
(2641) 86 10
(2642) 122 95 88 153
(2643) 15 97 118
(2644) 166 169 47 86 178
(2645) 5
(2646) 155 127 69 171
(2647) 14
(2648) 157 85 1 137 173
(2649) 11
(2650) 67 147 176
(2651) 56 2
(2652) 90 13
(2653) 160 135 48 123
(2654) 77 5 12
(2655) 64
(2656) 3 136
(2657) 109 97 141 141 5
(2658) 93 93
(2659) 102 158 2
(2660) 14 135 2 15 12
(2661) 39 143 30
(2662) 2 3 13
(2663) 89 23 18 108
(2664) 102 158
(2665) 183 18 28
(2666) 22 71
(2667) 38 61 15 101 35 140 16 31
(2668) 62 17
(2669) 176
(2670) 2 90
(2671) 122 136
(2672) 18 78 173 17
(2673) 95 167 7
(2674) 173 49 17
(2675) 10 95 162 25
(2676) 141 183
(2677) 81 12 127
(2678) 162 34 49
(2679) 169 141 104 7
(2680) 10 104 10 162
(2681) 175 103 56 151
(2682) 14 8 132
(2683) 148 121
(2684) 104 102 176
(2685) 157 179 15
(2686) 170 156 126
(2687) 15 35 135
(2688) 156 143 9 27
(2689) 12 123 174
(2690) 126 154
(2691) 177 121
(2692) 10 159
(2693) 13 174 4 78
(2694) 177 133 3 4 117
(2695) 117 47 13
(2696) 6 78 68 166
(2697) 119 123 176
(2698) 106 169 121
(2699) 86 102 141
(2700) 132 53
(2701) 61 123 103
(2702) 20 141 86
(2703) 127 16
(2704) 104 55 36 30 17 50
(2705) 113 16 89
(2706) 65 131
(2707) 35 37
(2708) 104 36 176
(2709) 144 5 162
(2710) 88 91 102
(2711) 73
(2712) 47 162
(2713) 129 152 151 130
(2714) 169 52 142
(2715) 141 61
(2716) 120 105 126
(2717) 114 181
(2718) 22 48 1 62
(2719) 16 15 176
(2720) 47 58 135
(2721) 95 12 144 136 14 18
(2722) 14 173 4
(2723) 126 11 6 56
(2724) 40
(2725) 89
(2726) 7 4 2
(2727) 5 167 49 167
(2728) 118 52 158 47
(2729) 24 28 70
(2730) 169 25 34 89 176 38
(2731) 146 12
(2732) 169 41 2 123 169
(2733) 60 8 121 171
(2734) 3
(2735) 135 109 1
(2736) 84 8
(2737) 118 164 90 15 173 28 51 108
(2738) 15 1
(2739) 20
(2740) 181 12 104
(2741) 99
(2742) 141 39 173
(2743) 5 12 185 19
(2744) 46 165 32
(2745) 159 43 24 159
(2746) 10 5 1
(2747) 180 109 95 169
(2748) 143 120
(2749) 67 169 184
(2750) 143 53 67 50
(2751) 102
(2752) 10 62 12 47 5
(2753) 169 132 145 9
(2754) 157 47 51 78
(2755) 180 37 116
(2756) 81 79
(2757) 10 16 111 19 5
(2758) 134 180 64 52 4
(2759) 128 20 4
(2760) 1 46 28 104
(2761) 46 28 17 120 36 89
(2762) 15 3 115 15
(2763) 7 10
(2764) 101
(2765) 77
(2766) 176
(2767) 141 169 8 102 45 148
(2768) 176 138 1 183
(2769) 150 84 162
(2770) 7 104
(2771) 132 153 18
(2772) 179 53 178
(2773) 16 10 20 15
(2774) 49 181 180
(2775) 161 12
(2776) 117
(2777) 33 68 176 104
(2778) 82
(2779) 146
(2780) 171 17 146
(2781) 6 102
(2782) 28 135 100 19 106 145
(2783) 173 4 34 3 10
(2784) 15 94 118
(2785) 10 164 47 146
(2786) 53 169 142 1 158 23
(2787) 111 12
(2788) 8 185 72
(2789) 9 29 12
(2790) 72 50 25 126
(2791) 162 169 51 9 19
(2792) 120 73 9 54
(2793) 12 90 127 10 123
(2794) 44
(2795) 94 7
(2796) 136 47 173
(2797) 56 114
(2798) 47 43 67 125
(2799) 179 133 173 135
(2800) 123 146 182 47
(2801) 31 39 108 68
(2802) 167 126 3
(2803) 24 141 171 167
(2804) 174 56 16
(2805) 73 2
(2806) 173 2 34
(2807) 141 3 117 99 145
(2808) 107 38
(2809) 114 126 62
(2810) 5 31 9 123
(2811) 126 116
(2812) 122
(2813) 132 47
(2814) 78 97 50
(2815) 179 121 30 7
(2816) 51 157 5
(2817) 174 59 88
(2818) 13 75 18 140
(2819) 9 104 140
(2820) 6 14 50
(2821) 9 13
(2822) 137 92 58 2 179
(2823) 106 46 172
(2824) 8 177
(2825) 15 147 183 162
(2826) 85 174 20 123 125
(2827) 118 39 143 77
(2828) 93
(2829) 90
(2830) 180 162 16 24 80
(2831) 75 162 4
(2832) 16 163 60
(2833) 52 19 21 169
(2834) 162 47 154 102
(2835) 102 11 60 121
(2836) 184 16
(2837) 4 174 173 3 2 50
(2838) 11 176 176 10
(2839) 150 73
(2840) 15 17 90
(2841) 5
(2842) 15 20
(2843) 2 9
(2844) 106 65 90
(2845) 175
(2846) 160 173
(2847) 66
(2848) 9
(2849) 160 90 161 52 20
(2850) 19 72 185 11 142
(2851) 175
(2852) 143 162
(2853) 98 111 123
(2854) 18
(2855) 102 18 176
(2856) 10 136 83
(2857) 56 124 83 4
(2858) 34 89 30 116 182
(2859) 31 30 17
(2860) 178 4
(2861) 169 168
(2862) 9 162 173
(2863) 126 61 71
(2864) 87 7 141 73 16 176
(2865) 160 151 27
(2866) 173 140 153 13
(2867) 124 60 37 40 84 82
(2868) 63 91
(2869) 162 112 37 7
(2870) 52 12
(2871) 104 4
(2872) 118 130 134 44
(2873) 47 24 167 52 130 101
(2874) 118 78 10 16
(2875) 128 10 173 16
(2876) 178 54 148
(2877) 90 152
(2878) 141
(2879) 18 17 174
(2880) 8 104
(2881) 176
(2882) 13 176 55
(2883) 10 12 34 11
(2884) 102 7 16 89
(2885) 166 105 12 183 165
(2886) 173 86
(2887) 126 178
(2888) 70 140 18
(2889) 72 126 111 102 90 2 16
(2890) 105 176
(2891) 18 135
(2892) 128 20
(2893) 126 169 162
(2894) 173 85
(2895) 72
(2896) 20 17
(2897) 157
(2898) 4 65 11
(2899) 160 78 16
(2900) 2 7 56
(2901) 88 153
(2902) 176 3
(2903) 123 102 56 17
(2904) 19
(2905) 92 94 167
(2906) 11 83 5
(2907) 131
(2908) 106 6 108
(2909) 11 16 44 47 181
(2910) 9 68
(2911) 56 16
(2912) 77 90 157 46 14
(2913) 39 156 164
(2914) 15 3 176 47 27 166
(2915) 82 162 43 25
(2916) 3 46
(2917) 45 18 35 156 1 8 13
(2918) 118 9
(2919) 90 7 162 5
(2920) 137
(2921) 4 155 73 169 8
(2922) 78 84 118 41
(2923) 3 106
(2924) 107 47 135
(2925) 112 9
(2926) 5 17 92
(2927) 62 13 145
(2928) 13 132
(2929) 90
(2930) 93 102 39
(2931) 9
(2932) 132 54
(2933) 50 130 59
(2934) 82 126 55
(2935) 141 174
(2936) 101 163 127 173
(2937) 21
(2938) 44 4 60
(2939) 12 13 123 89
(2940) 14 140 12 61 20 25 4 17
(2941) 36 12 54 74 4
(2942) 63
(2943) 50 3 97
(2944) 14 18 144
(2945) 18 104
(2946) 13 168
(2947) 176 82
(2948) 28 102 42 115
(2949) 19 30
(2950) 122 72 1 12
(2951) 100 13 139 15
(2952) 132 4 14 9 12
(2953) 184 43 2
(2954) 97 141 19
(2955) 70 4
(2956) 99
(2957) 12 6 11
(2958) 15 138 123
(2959) 18 24 169
(2960) 5 16 22
(2961) 14 151 15
(2962) 4 172 56
(2963) 176 10 123
(2964) 56 82 19 20
(2965) 159 179 74 82
(2966) 59 8
(2967) 20 65
(2968) 137 32 134
(2969) 96 158 180
(2970) 7 79
(2971) 49 176
(2972) 19
(2973) 55
(2974) 171 141 83 19 137
(2975) 102 23 83
(2976) 47 1
(2977) 104 7 73 4 86
(2978) 40 18 80 34
(2979) 104
(2980) 12 4 2 17
(2981) 89 71 58 164
(2982) 95 104 102 45
(2983) 50
(2984) 5 91
(2985) 90 43
(2986) 169 54 26 144 39
(2987) 89 173 169 142
(2988) 37 174 30 176
(2989) 126 7 132 61
(2990) 3 126 161 55
(2991) 121 154 147 126
(2992) 10 52
(2993) 15 10 8
(2994) 173 81 56 20
(2995) 141 66 47 12
(2996) 44 16
(2997) 102 110
(2998) 11 163 8
(2999) 142 141 112 79 5 80
(3000) 154 54 176
(3001) 50 9
(3002) 18 61 161
(3003) 79 47
(3004) 176 95 12
(3005) 173 78 51
(3006) 131 36 89
(3007) 21 30 45 139 144
(3008) 165 52
(3009) 67 126 78 69
(3010) 107 17 47 34
(3011) 164 40 116
(3012) 98
(3013) 177
(3014) 31 23 158 7 7
(3015) 35
(3016) 79 74 156 174
(3017) 3 104 2
(3018) 17 36 14 43 178
(3019) 120 17 169 5 38
(3020) 33 95 54 160
(3021) 1 4 171 15
(3022) 15 151
(3023) 106 5
(3024) 78
(3025) 169 10 54 26
(3026) 73 123 23 173
(3027) 87 56 3
(3028) 170
(3029) 63 34 81 29
(3030) 2 126 7
(3031) 150 122 16 126
(3032) 156 16
(3033) 42 11
(3034) 20 182 2 11
(3035) 100 135 11 123
(3036) 126
(3037) 34 126
(3038) 173 33
(3039) 7 140 34
(3040) 89 3
(3041) 30 141 71 158 1
(3042) 86 106
(3043) 34 56
(3044) 6 80
(3045) 85
(3046) 15 111 30 18
(3047) 19 18 91 85
(3048) 150 16 126 47 34
(3049) 173 169 18 105
(3050) 124
(3051) 35 16 93
(3052) 88 19 99 153
(3053) 6 12
(3054) 12 34 99
(3055) 18 109
(3056) 136 89
(3057) 171 9 173 20
(3058) 8 12 2 51 8
(3059) 174 66 130
(3060) 5 104
(3061) 176 70 10
(3062) 141 29 95 145 110 174
(3063) 3 153
(3064) 166
(3065) 143
(3066) 5 126
(3067) 96 53
(3068) 157 3 14
(3069) 2 29 28 159
(3070) 12 18 162 184
(3071) 125 14
(3072) 159 56 37
(3073) 14 47
(3074) 176 17
(3075) 112 179 19 2 172
(3076) 50 17 158
(3077) 108 55 1 165
(3078) 173 111 3
(3079) 152 136
(3080) 59 42
(3081) 18 82 56
(3082) 119 182 7
(3083) 34
(3084) 176 126
(3085) 104 142 181 2
(3086) 126 8 145
(3087) 126 162 13 90
(3088) 96 8 7
(3089) 111 80
(3090) 44 162 164 132
(3091) 131 101
(3092) 176 17 15
(3093) 160 101 102 74
(3094) 123 51 3
(3095) 72 81 177 174 9 137 20
(3096) 9 36 13 12
(3097) 120 107 169
(3098) 19 10 7
(3099) 6 7
(3100) 9 79 24
(3101) 102 52 12
(3102) 7 11 16 134
(3103) 129 146 18
(3104) 165 56
(3105) 92 173 104 89
(3106) 12 19 1
(3107) 14
(3108) 169 5 104 43 156 36
(3109) 89 8
(3110) 29 47 120
(3111) 14 21 169 28 169
(3112) 89 173 45 107
(3113) 56 139 174 169
(3114) 138 92 153
(3115) 155 12 175 141 119
(3116) 8 12 71
(3117) 126 66 1 93 47
(3118) 11 101 1 182
(3119) 45 184 56 102
(3120) 34
(3121) 169 183 104 162
(3122) 8
(3123) 161 105
(3124) 155 81 5
(3125) 77 8 163
(3126) 89 128 172
(3127) 185 105 29
(3128) 166 20 169 7
(3129) 141 130 135
(3130) 20 118
(3131) 60 103 47 56 20 3
(3132) 84 112 150 112 47 156 174 129
(3133) 9 10 147 81
(3134) 11 30
(3135) 139 38
(3136) 69 61 1 156 162 1 78
(3137) 125 89 8
(3138) 6 97
(3139) 117 82
(3140) 77 56 98 11
(3141) 5 134 181
(3142) 74 47 53 12 10
(3143) 90 20 49 89
(3144) 176 14 17
(3145) 47
(3146) 15 3 41 156 33
(3147) 113 118
(3148) 122 14 10
(3149) 132 75
(3150) 143 85 11 102 37
(3151) 87 185
(3152) 175 90 12 18 67 61 15
(3153) 17 34 76 37
(3154) 98 131
(3155) 176
(3156) 109 7 169
(3157) 20 159 22
(3158) 174
(3159) 52 170 20
(3160) 17 171 56
(3161) 130 12 145
(3162) 103
(3163) 66 174 10
(3164) 88 2 162 16 62
(3165) 6 138
(3166) 110 34 3 13
(3167) 32 102 82
(3168) 48
(3169) 162 37
(3170) 56 85 33
(3171) 131 1
(3172) 9 45 129 79 158
(3173) 69 20
(3174) 169 185 12
(3175) 10
(3176) 134 18 113 101 140
(3177) 173
(3178) 134 12
(3179) 78 12
(3180) 125 101 144 19
(3181) 33 47 139 179 77 12 14 11
(3182) 24 81
(3183) 112 55
(3184) 117 123 34
(3185) 167 59 90 34 159
(3186) 78 23 102 140
(3187) 1 130 40 71
(3188) 39
(3189) 123 135 173
(3190) 126 148 82 12 19
(3191) 9 89 117 174
(3192) 82
(3193) 2 54 19
(3194) 104 106 88 150 123
(3195) 83 33
(3196) 177 94 34
(3197) 8 90 9 169
(3198) 78 126
(3199) 102
(3200) 89 166 114
(3201) 11 5 176
(3202) 134 4 111
(3203) 47 3 71 135
(3204) 124 47 20 17
(3205) 156 63 11 2 126
(3206) 68 18
(3207) 90 80 145 71
(3208) 122 36 169
(3209) 14 117 151
(3210) 20 49 105
(3211) 180 105 167 145 27
(3212) 16 133 41
(3213) 129 152 10 137
(3214) 46 98
(3215) 172 78
(3216) 143 11
(3217) 33 131 123
(3218) 3 141 152 174
(3219) 157 14 105 90
(3220) 99 18 20 13
(3221) 41 57
(3222) 100 24 123
(3223) 90 145 9 7 177
(3224) 26 172 56
(3225) 14 27 39
(3226) 47 123 176
(3227) 67 19 5 72
(3228) 174
(3229) 89 3 92 110 3
(3230) 43 55
(3231) 142 101 52
(3232) 130 160
(3233) 98 4 54 171 7
(3234) 181 173 169 26
(3235) 116 4 158 47
(3236) 162 104 70
(3237) 131 62 33 30
(3238) 64 23
(3239) 25 16 127 143 93 156
(3240) 56 7 1 169
(3241) 31 37
(3242) 180 10 159 4 12 98 169 162
(3243) 94 174 166
(3244) 9 83 150
(3245) 3 119 130 158
(3246) 14 90 8 72
(3247) 89 4 104
(3248) 5 16
(3249) 47 126 22
(3250) 149 120 123 147
(3251) 76
(3252) 156 64 160
(3253) 19
(3254) 4 16
(3255) 139 123 15 99
(3256) 162
(3257) 17 123 169
(3258) 102 16 174
(3259) 141 51 5
(3260) 76 58
(3261) 5 12 34
(3262) 130 174 104 141
(3263) 78 54 59
(3264) 8 173 152
(3265) 54
(3266) 67 121
(3267) 183 75 181 93
(3268) 13 8
(3269) 82 170
(3270) 14 65 12 162 47 174
(3271) 1 14 90
(3272) 155 18 32
(3273) 12 57 138
(3274) 9
(3275) 12 2 139 126
(3276) 44 150 121 89 73
(3277) 136 27 3
(3278) 90
(3279) 12 42
(3280) 93 38 13
(3281) 69 175 165
(3282) 90 45 113 174 4
(3283) 179 34 20
(3284) 12 11 1
(3285) 153 69 15
(3286) 169 104 89
(3287) 162
(3288) 124 171
(3289) 3 6 109
(3290) 103 102 47
(3291) 9
(3292) 172 45
(3293) 90
(3294) 14 162 47 2 19 6
(3295) 143 3
(3296) 36 17 102
(3297) 74 121
(3298) 78
(3299) 8 13
(3300) 72 14
(3301) 64 14
(3302) 10 47 76
(3303) 141 134
(3304) 164
(3305) 102 176
(3306) 14 60
(3307) 155 33 5 78 40
(3308) 128 7
(3309) 138 139
(3310) 68 18
(3311) 122 12
(3312) 173 36 77 141 65
(3313) 18 155
(3314) 87 12 12 78
(3315) 31 169 116
(3316) 19 7
(3317) 123 1 10 154 163 86
(3318) 46 47 158 176 33 21
(3319) 110
(3320) 1
(3321) 9
(3322) 120 78
(3323) 13 9 89
(3324) 8
(3325) 22 10
(3326) 5 16 14 166 62 125 48 34
(3327) 42 3
(3328) 49 108 80
(3329) 133 3 9
(3330) 15 97
(3331) 11 34 4 101
(3332) 8 83 66 176 28
(3333) 104 89 159 106
(3334) 47 115 180
(3335) 10 18
(3336) 177 3 24 83 3
(3337) 127 16 129 147 112
(3338) 19 120 94 7
(3339) 66 175 56 38 162
(3340) 3 162 112 29
(3341) 178 10 159 118
(3342) 67 17 11
(3343) 15 30
(3344) 11 19
(3345) 153 99
(3346) 102 10
(3347) 131 3
(3348) 56 141 179 4
(3349) 14 78
(3350) 14 166 51
(3351) 89 67 165
(3352) 56
(3353) 5 23
(3354) 64
(3355) 52 176 6 6 90
(3356) 69 175
(3357) 35 173
(3358) 78 104 16
(3359) 15 50 1
(3360) 10 15 102 118
(3361) 74 123 76
(3362) 162 19 11 110
(3363) 84 124 10 126 167
(3364) 174 10 9 145
(3365) 12 74 151 34
(3366) 77 89 9 1
(3367) 56
(3368) 54 13 20 17 10
(3369) 31 13 176
(3370) 108 66 2 52
(3371) 147 163
(3372) 88 18 31
(3373) 98 4 178 83 4 66 90 25
(3374) 133 27
(3375) 14 44
(3376) 94 9 83 139 58 17
(3377) 102 29 97
(3378) 106
(3379) 12 72
(3380) 141 34 7
(3381) 141 47 56 10
(3382) 156 176
(3383) 126 97 1
(3384) 9 40 75
(3385) 46 2
(3386) 113 1 12
(3387) 126 47 126
(3388) 173
(3389) 109 90 125
(3390) 40 169 10
(3391) 6 39 99
(3392) 169
(3393) 10
(3394) 73 141 169
(3395) 174 101 176 162
(3396) 82 142 114
(3397) 64 67
(3398) 11 125
(3399) 62 96 19
(3400) 176 105 20
(3401) 123 119
(3402) 89 89
(3403) 8 133 2 5 90
(3404) 26 47 7
(3405) 140
(3406) 20 15 163 178 46 8
(3407) 5 177
(3408) 141
(3409) 109
(3410) 117 8 147
(3411) 162 63
(3412) 34 129
(3413) 69 6 115 50
(3414) 90 23 78
(3415) 146 12 123 16
(3416) 12 9 131
(3417) 14 162 90 27
(3418) 132
(3419) 52 8 141
(3420) 128 26 56 155
(3421) 160 5
(3422) 103 82 37
(3423) 122 174 119 14 128
(3424) 9 10 45 123 2
(3425) 145 8 126 142 16
(3426) 18 49 159
(3427) 9 123
(3428) 183 140 22 99 24 162 96
(3429) 4 165
(3430) 19 11 55 13
(3431) 29 99 90
(3432) 71 141 166 93 9
(3433) 12
(3434) 11 48
(3435) 82 124 59 123
(3436) 45 47 45 34
(3437) 147 159
(3438) 171 89 9
(3439) 7 183
(3440) 18 12
(3441) 47 47
(3442) 8 97
(3443) 17 103 63 122 66 173 174 48
(3444) 127 30 72
(3445) 13 141 176 34
(3446) 61 60
(3447) 131 177 71
(3448) 86 72 69
(3449) 114 162 44
(3450) 7 169 8
(3451) 141 9 115 14
(3452) 110
(3453) 78 90 5 56 10
(3454) 176 174 53
(3455) 2
(3456) 90 6 166 86 7
(3457) 163 115 119
(3458) 156 111
(3459) 87 10
(3460) 177
(3461) 47 123
(3462) 88 6
(3463) 84 27
(3464) 34 168
(3465) 173 12 87
(3466) 56 14
(3467) 75 136 34 2 78
(3468) 114 17 78
(3469) 6 1 18
(3470) 128 20 33 120 123 79
(3471) 20 123 135 30 14
(3472) 178 34 18 40 5
(3473) 17 90 19
(3474) 6 176 33 35 7 10
(3475) 73 132 12
(3476) 17 24 2
(3477) 1 143 173
(3478) 158 18 152 29
(3479) 182 48 11
(3480) 9 13
(3481) 115 113 1 181
(3482) 151 12 12 56 56 174 89
(3483) 111 176 36
(3484) 137 19 8
(3485) 111 88 164
(3486) 179 59
(3487) 141 124
(3488) 5 123 6
(3489) 165 18 96
(3490) 123 75 123 20
(3491) 99 136
(3492) 1
(3493) 120 4 10
(3494) 13 99 140
(3495) 89 10 102
(3496) 122 12 185
(3497) 148 126
(3498) 91
(3499) 89 92 56 144
(3500) 48 1 105 16
(3501) 162 11 15 28 95
(3502) 20 124 54
(3503) 110 141
(3504) 12 100
(3505) 16 72 162 7
(3506) 53 6 102
(3507) 12 170
(3508) 83 60 185 94
(3509) 130 60 4
(3510) 126 126 104
(3511) 61
(3512) 104 5
(3513) 56 89 140
(3514) 162 1
(3515) 90 143
(3516) 4 8 6 101 73 1
(3517) 162 19 39
(3518) 185
(3519) 73 18
(3520) 56 71
(3521) 126 134
(3522) 173 176 176 157
(3523) 15
(3524) 16 2
(3525) 77 72 20 89 10
(3526) 73 144
(3527) 88 141 153
(3528) 3 16 34 53
(3529) 174 182 141 169
(3530) 168 2 6
(3531) 80 13
(3532) 155 6 5
(3533) 6 89 163 11 133
(3534) 13 123 109
(3535) 49 4
(3536) 29 185 159
(3537) 41 172
(3538) 139 101
(3539) 12 102 10
(3540) 37 90 180 49
(3541) 146 162
(3542) 127 13
(3543) 47 161
(3544) 143
(3545) 20 144 121
(3546) 90 2 47 12
(3547) 25 38 61
(3548) 142 97 90
(3549) 137
(3550) 8 169 120 178
(3551) 13 10
(3552) 78 164 84 43 182
(3553) 76
(3554) 11 20 130 14 112 158
(3555) 90 104 18 176
(3556) 58 93 12
(3557) 174
(3558) 78
(3559) 15 38
(3560) 89 68 13
(3561) 40 5
(3562) 3 20
(3563) 20
(3564) 78 123 4
(3565) 174 34 101
(3566) 78 30 46 140
(3567) 80 122 7 122
(3568) 125 181 3 55
(3569) 19 78 18
(3570) 23 119 107 149 24 6
(3571) 19 47 163 133
(3572) 78
(3573) 121 19 16
(3574) 114 19 69
(3575) 123 114 3
(3576) 104 17 17
(3577) 45 1 20
(3578) 97 162 4
(3579) 41 13
(3580) 98
(3581) 7 176 45
(3582) 112 150 24
(3583) 28 104
(3584) 185 15 161 126 108
(3585) 126 78 16
(3586) 20 123 53 13 90
(3587) 90 14 103
(3588) 3 130
(3589) 78 183 1 29
(3590) 1 123 143
(3591) 144 19 126 104 178 123 162 80
(3592) 140 105 72
(3593) 68 16 10 47 12
(3594) 148 110 15 86
(3595) 16 89 77 136
(3596) 3 5 11 59 61 1 168 169
(3597) 102 131 37 12
(3598) 157 135 98
(3599) 176 162 56
(3600) 123
(3601) 180 77 177
(3602) 104 134
(3603) 141 57 123 76 184
(3604) 104 17
(3605) 9 162 8 78 34 67
(3606) 12 159
(3607) 17 110
(3608) 73 63 9 36 46
(3609) 140 100 66 61
(3610) 132 13 113 4
(3611) 159 6 146 50 149
(3612) 4 91 147 5
(3613) 102 10 170 12
(3614) 141 5
(3615) 19
(3616) 14 143 149
(3617) 9 166 20 115
(3618) 35 168 56 163 110
(3619) 150 16 151
(3620) 60 62 127
(3621) 13 13 176 14
(3622) 78 102 9 9
(3623) 13
(3624) 34 174
(3625) 143
(3626) 169 12
(3627) 12 123
(3628) 181 120 16
(3629) 172 83 4 3
(3630) 21 181 169
(3631) 91
(3632) 126 126 15
(3633) 6 121 11 95
(3634) 141
(3635) 126 151 19 102 176
(3636) 9
(3637) 78 176 1
(3638) 6 78 162 20 31 30 19
(3639) 17 20 120
(3640) 76 123
(3641) 73 118
(3642) 158 10 102 77 101
(3643) 5 57 131 56
(3644) 3 11 4
(3645) 12 2 91
(3646) 78 151 134
(3647) 166 157
(3648) 7 15 162 98 66 5 4
(3649) 118 71
(3650) 174 169 178 139
(3651) 9 17 3
(3652) 72 12 6 90
(3653) 6 77 86 56 79 1
(3654) 12 156 78
(3655) 126 123 147 169
(3656) 131 6
(3657) 10 174 140 11
(3658) 157 176 151
(3659) 93 78 49 2 102 16 91
(3660) 135
(3661) 133 78 141 42
(3662) 162 7 174
(3663) 39 175 123 35
(3664) 62 166 14
(3665) 137 142 33 4
(3666) 30
(3667) 52 181
(3668) 123 8 13 174
(3669) 133 171 16
(3670) 16
(3671) 110 15 20
(3672) 78
(3673) 97 13 78 14 138
(3674) 173 153 77 1
(3675) 48 9 128 90
(3676) 18
(3677) 173
(3678) 141 167 147 88
(3679) 169 167 6
(3680) 17 34 2 148 165 26
(3681) 14 110 8
(3682) 12 123 104 131 141 91
(3683) 18 151 6 16 80
(3684) 6 8
(3685) 8 48
(3686) 139 106 26
(3687) 45 171 43
(3688) 131 39 120
(3689) 10 162 173
(3690) 12 104
(3691) 9 17 18 173
(3692) 62 89 103 76 158 12
(3693) 142 116 90 14
(3694) 111 80
(3695) 51 29 11
(3696) 174 40 78
(3697) 32 5 184
(3698) 123 102 123 94
(3699) 8
(3700) 11
(3701) 131
(3702) 124 36 169 34
(3703) 93 107
(3704) 19 2
(3705) 159 99
(3706) 3 102
(3707) 12 164
(3708) 182 123
(3709) 139 119 90 141 166
(3710) 137 141 179
(3711) 118 18 68
(3712) 90 97 77 112
(3713) 165 15 169
(3714) 19
(3715) 147 161 85 89 56
(3716) 111 169
(3717) 140 34 9 121
(3718) 81 93 12
(3719) 123 7
(3720) 173 101 21 15 109 127 11
(3721) 34
(3722) 5 78 169
(3723) 81 139
(3724) 153 40 16
(3725) 126 15 90
(3726) 19 78 109
(3727) 169 168
(3728) 10 55 78
(3729) 71 26 176 6
(3730) 72 174 175
(3731) 176 65
(3732) 47
(3733) 104 65 33 91 74
(3734) 8 6
(3735) 91 50 10
(3736) 12
(3737) 96 126
(3738) 123 20 173
(3739) 176
(3740) 177 32 18 1 9
(3741) 13 112 11
(3742) 104 101 60 56
(3743) 177 172 6
(3744) 127 90
(3745) 144 110
(3746) 3 133 141
(3747) 144 178
(3748) 170 136 161
(3749) 174 39 6
(3750) 128 173
(3751) 7 29 14
(3752) 160 92 135 172
(3753) 50 160
(3754) 169 115 102
(3755) 89 51 24 89 13
(3756) 85 78 175 3
(3757) 97 84 27
(3758) 121 3 5
(3759) 48 11 90 9